Metabolite	PB_PM1	PB_PM10	PB_PM11	PB_PM12	PB_PM2	PB_PM3	PB_PM4	PB_PM5	PB_PM6	PB_PM7	PB_PM8	PB_PM9	PM1_D0	PM1_D10	PM1_D30	PM1_D50	PM10_D0	PM10_D10	PM10_D30	PM10_D50	PM11_D0	PM11_D10	PM11_D30	PM11_D50	PM12_D0	PM12_D10	PM2_D0	PM2_D10	PM2_D30	PM2_D50	PM3_D0	PM3_D10	PM3_D30	PM3_D50	PM4_D0	PM4_D30	PM4_D50	PM5_D0	PM5_D10	PM5_D30	PM5_D50	PM6_D0	PM6_D10	PM6_D30	PM6_D50	PM7_D0	PM7_D10	PM7_D30	PM7_D50	PM8_D0	PM8_D30	PM8_D50	PM9_D0	PM9_D10	PM9_D30	PM9_D50	QC2	QC3	QC4	QC5	QC6	QC7
ft33	5952867	15103224	9200219	6154350	5121116	7955775	5604743	14532199	11731561	10029364	9287453	10578996	11938710	19454137	7797311	9887617	9612772	1662476	NA	4204216	5531943	1159199	2415029	1172281	4215045	2538268	NA	5038043	8574730	14706580	5406045	2451159	6652200	7432442	7088997	1806969	4088429	6288847	1225489	589757	3176216	2135257	2382977	567077	2560027	3800115	1389446	1381802	2813006	7439770	1590143	5988827	5798614	504576	971349	556144	6078662	6432223	5648124	6040311	4993860	5444535
ft76	311407	237119	263769	280422	317368	228567	263325	356990	241217	273282	195716	273046	197520	291097	99242	265622	42413	33907	NA	59078	20590	27263	60721	NA	51565	6280	302324	254167	219831	293462	243569	253895	246295	266510	239974	265115	233571	295641	209519	43332	227858	217340	195097	254313	253354	224989	279668	200560	60319	294659	95345	52948	63079	55930	119607	NA	45427	53938	NA	47109	24244	34064
ft105	1317155	2906434	2167551	1804413	918899	3950443	1663196	1805723	2158130	2281995	2132030	2718459	5867982	14775839	3179934	4401148	1848051	544422	247765	1190894	2824486	935436	1682394	737514	1890124	1156816	9885779	2718327	3890674	8234869	3893398	2130185	4522508	5320453	4303354	1336298	4299454	2242051	656674	393084	1324373	1369540	797276	354284	1950950	2813402	1213733	1038379	2031177	4626527	1667371	5903329	2068076	569900	530136	735282	2271451	2507436	2052303	2504876	2018003	2221379
ft115	380655	1053877	779014	750814	951591	837822	428075	976808	836672	984527	945403	693163	674026	653502	898362	120093	376804	441960	583702	484734	570153	265235	274212	651215	466142	404072	659870	877300	382779	541174	928552	567649	807889	630902	652462	475822	641603	510131	550584	392667	579033	407899	475604	354848	469079	519768	519743	455875	251679	616257	396489	446931	513754	597514	461001	517620	617426	660011	696765	664028	540886	621562
ft145	34611	37446	76728	34814	94950	132633	71664	259850	58359	56579	75641	136921	38969	368972	64527	NA	16239	22224	31468	67288	44296	23850	24534	19096	47639	39076	36126	77051	215433	56019	71624	28394	49714	84738	84755	29830	83980	23105	23313	23170	36587	NA	21460	13486	18594	93080	19298	12194	10064	74079	13295	28620	14375	22371	29762	40367	59882	48979	49805	34828	40414	49335
ft135	4336803	6562626	4211089	4725944	4697373	3144140	4388974	3985197	2830919	6862380	4471018	2520803	82962	93273	74163	56631	1260856	537536	431303	1314394	1115169	501862	241417	170721	419241	1409697	148056	215588	197451	118894	1531075	542969	914564	1665802	1406218	621458	1436193	NA	447613	440253	921821	1092786	489447	213182	2010213	1015127	194121	366428	523269	1608886	305876	1675689	1791384	534796	216815	416981	1434122	1504041	1290430	1424110	1090806	1346459
ft134	1537252	2813623	2231323	2003078	NA	3904671	1627066	1944113	2369669	2189869	2126664	3039171	7281795	9359819	5538092	NA	1838658	426473	245427	1078411	2748047	659892	1761549	430323	1302102	632850	10541426	4324807	NA	6610944	4981743	2566683	5146597	6040873	4672412	1586915	4784162	2128282	735458	506356	NA	NA	1001009	432961	1416726	3026501	1442301	1107256	1248759	5094974	NA	5099825	NA	623544	651303	606499	2096041	NA	1777398	2332594	1822195	1990388
ft160	543614	1081040	847658	786803	342861	1715058	683901	751728	761773	865588	760006	1074527	2634769	5693196	2251337	1781812	1038357	246703	43628	607632	1492065	379142	1016885	239163	908323	473720	3501244	1298680	473022	2735957	2523072	1379148	2883275	3234597	2504601	899404	2133893	1141558	384258	270285	613124	752665	566019	210110	697848	1453035	827907	607214	764599	2620774	1120575	2738106	1036458	324246	442117	333965	1040656	1172193	900428	1148834	907457	980481
ft159	3149842	5622260	3765818	3464924	3008569	3125064	2090271	3606566	5101526	4813423	4602960	3348303	7809557	3974977	3763664	4602370	294396	135963	79489	212730	642334	194132	198818	166968	486643	123821	15928237	3177487	5564240	9946270	909320	504331	1026440	1162203	863793	284451	1069232	550382	101635	101058	231074	403364	128849	53172	502478	1076381	88634	184011	312503	1365669	240836	1764582	586174	139501	114349	265045	2376723	2622997	2376096	2378095	1934024	2296872
ft183	102399	131628	128532	63072	232894	222632	160474	336867	181026	122055	141841	197497	100823	171302	103900	39466	55578	39572	44207	42804	48213	48982	38139	43151	58487	55948	82088	66537	169655	115735	85077	33570	42779	42558	44116	39895	46257	44596	65294	NA	83535	38427	46513	34657	35486	47539	33975	34183	36744	70921	47665	43842	56831	73974	49572	30691	80496	83087	92441	82219	75231	91270
ft212	52658	55021	47192	50498	51073	47150	30618	53780	48664	60547	49093	48861	210314	38393	197704	103017	64083	62557	64897	52355	72513	NA	61596	56887	51777	61983	215357	72178	86561	174587	48402	61544	105492	51028	98045	119749	51189	51078	51924	190538	89860	56865	56043	49953	49241	54096	51416	44811	50735	196239	54119	70457	46996	54452	80141	68792	64787	65407	82885	63242	58954	56648
ft248	36519	91223	183410	50546	189872	243171	146086	634848	120707	109124	118961	229147	71230	303599	106132	70813	94308	119294	237734	92084	147554	321156	209204	NA	26471	322337	138150	21176	507957	191643	23594	146772	134973	55239	162712	229326	126169	128305	138047	246314	303365	108799	179464	217132	44980	27765	169111	51503	110629	154228	129626	124024	68054	77290	291902	61749	146682	163752	168359	161148	134973	149869
ft254	29476	NA	NA	NA	21589	18455	NA	23417	12714	17914	NA	13005	100713	NA	87287	64906	53737	64664	NA	262672	116808	42663	10944	90945	241222	31057	108324	212970	26163	76031	235140	92178	186714	216232	319677	49930	352834	154012	11119	22642	119692	83227	24600	18587	29526	348268	23209	42370	73393	349642	29928	166117	123919	42356	29825	77936	76402	80484	68135	72362	56016	76277
ft275	41952	70860	55888	53284	39696	43694	32755	40233	29170	42257	33724	37479	57805	51152	54161	25851	42174	NA	45077	65393	65153	55817	36198	43251	54595	59776	46477	55724	38735	43133	40889	38913	59793	54870	42536	46448	54001	44320	37696	31780	56276	51078	46854	49584	40042	NA	61813	44356	46178	42791	50643	41774	59945	54848	51007	55108	39846	55203	54403	54759	36320	41981
ft270	454359	285776	725178	519272	455973	743312	651963	592764	146467	772188	740119	579761	202865	763829	234348	238488	NA	183757	NA	204782	224499	235406	174401	124324	176503	337562	572150	176563	568090	497886	567106	243186	211462	157481	343475	NA	417817	NA	269752	217518	NA	NA	227123	183408	193293	206941	301401	201252	330833	329757	235723	369038	232626	170369	200685	NA	328677	351868	348392	330409	275848	333749
ft355	385341	633318	503536	480030	251396	793394	396525	435896	565464	514536	556490	613934	5101546	2665957	12981827	1269140	424064	63263	55787	159436	435977	82761	94129	140778	135979	76930	2802824	4724352	2661662	10305116	1003578	1176530	1112562	1260241	984449	304302	1345132	312638	145958	88305	152093	380981	176938	83968	520181	752649	203022	151588	253909	562081	344445	859694	468018	121515	148951	217851	861792	858401	777841	825186	634102	818641
ft364	84961	185822	136715	117545	184805	212441	144400	207996	65663	236061	129015	24846	58602	118751	48483	93755	115904	19602	17240	123194	82923	NA	12975	27998	113359	NA	238306	72639	128300	315527	79092	48843	65612	130026	219718	56834	149686	205735	36875	25420	129728	191146	33820	34417	216380	167465	20961	27490	45638	242471	60905	465154	340736	31649	25457	44949	94216	93182	84456	87471	64526	93264
ft368	35100	NA	35516	NA	30162	11534	30998	49783	34577	41355	39811	34142	25698	33673	24256	16774	21250	21046	22516	14111	22584	31841	22432	24744	34906	32852	24116	17986	26278	27000	30424	19300	24500	23272	17871	22751	23638	25459	20393	22347	22093	26519	26664	18766	22796	29555	17077	31196	17967	22426	19745	NA	31256	19070	18116	14799	24547	35204	29261	31710	27177	36941
ft385	472490	1440774	1005579	1153315	394115	1130207	679821	896335	970136	792440	801557	1181694	1399861	2855121	996814	1107369	444214	110972	54584	292250	763439	290199	295850	25320	225417	369938	4529716	762862	953688	1324577	367412	526189	370402	240759	619682	261044	564526	526059	114204	60172	267023	148347	379996	89807	92036	143801	245441	239885	162711	629360	152001	346396	288229	178007	129944	246018	625331	668851	656278	635058	510516	586575
ft388	42848	68448	43989	42014	27615	42528	43503	77329	32961	65848	58273	48433	40816	89502	30828	NA	18500	NA	41308	35019	NA	6037	29135	25727	30476	36379	NA	44649	31700	20676	36301	25360	24700	38969	42377	21061	32654	22847	32515	23797	37472	20336	23898	35099	20577	44813	34382	23376	33056	53417	19590	41659	18933	37079	38446	42771	41911	47705	30766	27028	26621	NA
ft414	24052	64353	52153	40262	58292	50994	44701	51374	30291	77081	30146	22462	29240	31813	28919	38452	24456	33858	33454	33088	31361	24589	26816	25197	34162	27002	34073	29308	NA	22061	25221	11275	15632	22189	17967	29198	49365	22455	25171	20239	36575	30221	26499	NA	34103	27008	32401	NA	NA	17688	24349	38096	33514	36350	9991	35231	29203	22775	26848	29616	16727	27388
ft403	2002873	4936390	2350376	2623180	1278174	1535944	1289554	6028400	4787843	2349444	3213910	2341906	NA	773451	278228	569272	123170	119924	117457	136071	144666	NA	95333	59227	133203	142898	1827124	612573	190518	894350	346728	271340	618204	871191	347753	172395	545317	174810	97782	71372	215108	114752	87072	108678	158543	246401	NA	91903	80628	319312	72355	493893	152571	123379	122571	167427	561260	619484	471294	497465	381379	454323
ft418	159267	NA	92425	35397	46757	NA	333713	NA	NA	29344	35348	184434	21426	73518	24201	NA	24680	30064	34805	61394	70170	22111	23977	18083	21757	NA	26270	18826	NA	23229	26989	24636	34111	18987	32188	27095	43403	24689	26424	24655	26437	31963	71585	26072	17137	24822	45139	25214	25034	52304	22643	21027	37062	19312	36763	19525	25942	35460	27902	36472	22375	28411
ft481	13692	149522	44473	42626	33380	26099	35705	64751	65559	36566	216038	78905	NA	NA	NA	NA	2625767	69347	44929	273867	256237	124535	37934	NA	987602	505548	17080	NA	NA	NA	209678	75857	154949	122869	273204	39493	611470	475031	150843	17105	121156	19762	657817	11745	298406	11845	59280	175681	177941	264928	NA	448653	478469	NA	44182	104643	204119	218089	217144	NA	171799	NA
ft487	46649	131275	68649	42965	50468	87806	67462	100636	85910	129914	126534	48107	NA	NA	NA	16240	1551683	NA	30022	171689	147468	74885	25594	NA	528495	311902	NA	17567	12398	17449	122493	42504	91887	73011	161066	21217	336526	275320	89525	NA	66595	16517	360957	NA	169110	NA	39472	105388	105091	166413	NA	253210	287575	276593	26995	54730	124130	138292	130597	127399	98421	125464
ft482	201922	1896801	231421	239759	258344	15615	157083	118147	869976	224461	707249	1058766	68081	424606	602137	72622	3636155	346036	145836	747564	2047209	313461	270589	184514	1204754	2145846	NA	77403	165140	141995	538338	163778	194723	76909	1497318	144937	229816	821684	217499	101182	506836	446928	469860	218733	107245	121488	506541	481040	309178	1562508	230171	662764	453267	1228495	171088	538348	507795	543528	572348	522222	426632	511351
ft502	43093	89296	NA	51782	60839	141940	72631	89223	NA	88027	54383	25511	65983	94741	40422	136645	NA	66189	66081	NA	103075	51052	54293	18504	NA	36782	115642	80076	88069	126759	85067	60191	83700	154418	210899	35565	90959	47132	45076	45177	105270	72460	78490	71938	68484	86838	55790	44648	100825	192941	NA	135952	185809	48337	92662	107210	88134	88265	90032	82760	NA	80145
ft530	817509	3012302	3813041	1251607	3791033	7206493	3566822	NA	2681417	2528837	2503023	4582817	1605798	5552262	1479237	2004458	2128434	2407420	2944509	1927325	1836768	4184693	4277607	107383	767492	7116148	5951983	824629	6325243	4399221	2306027	3058314	2581013	3187898	2795090	3315672	4221863	2602603	1893333	3110624	6696232	2712141	2226008	2197369	1857292	1336055	1873545	1133763	2229370	2820371	2035605	771255	3460818	2128904	4102437	1832192	3141115	3426752	2756890	3246244	2594577	2960508
ft556	4236879	9335362	8548562	5159530	3455023	3479495	3345648	5638588	8897894	5336656	8871937	7864017	22157	46620	63677	30695	183784	NA	27320	149126	269398	NA	39817	113465	154967	NA	20270	43867	21336	NA	83003	32039	36158	NA	118290	NA	92343	139993	43417	13607	71028	60223	44405	19262	106988	56445	34287	56577	41571	120553	23751	134672	198564	65834	NA	105615	1367671	1544301	1515074	1401418	1178839	1369255
ft593	10516875	1656218	24628152	15020360	8601139	23454836	16938345	23642477	16952939	8659803	1618958	7176350	10836324	25748338	NA	1444026	14316963	16945811	7332543	1288442	9482607	9008062	NA	NA	328665	20579162	22169824	999644	13869490	8798285	2128003	15013509	14039440	18180586	7912529	13430100	2420427	8202746	648047	NA	9076520	13771009	4058173	926730	9698577	1846698	1757377	1052560	8152603	15536409	1182755	NA	10912327	13795218	19052396	12281178	17275130	NA	8038149	17620039	14642473	16134973
ft589	24155	62321	69777	14385	67603	206391	69542	103440	13755	75328	96018	18280	193359	1241489	189765	635646	544239	640590	579651	278785	150894	617177	326523	47777	302402	NA	903409	120447	2800824	323119	378630	547774	378349	NA	1286440	513570	1220804	775763	372691	184503	3295415	608407	233387	258884	281760	489371	1061301	341087	1678958	1311431	1195328	2220433	317085	104823	315839	248337	584919	610883	594209	576165	446219	549220
ft608	17384	11503	29025	NA	23268	22482	NA	36270	20184	NA	19749	25672	26834	86069	25285	19444	56894	39482	67732	39873	18192	70004	38170	NA	18879	100109	64251	NA	169784	89010	NA	30867	31644	24753	148207	36353	52824	115492	30895	60234	298166	82993	37937	77230	26317	NA	28793	12820	42145	151944	39362	86386	33428	16233	59651	13917	44085	50022	48977	48008	34897	45113
ft632	447240	1775583	598194	825584	846891	688277	657656	821854	820009	1090811	1080885	582958	62887	236017	43648	23091	200731	69003	42900	275458	29298	100130	64192	15589	35762	55118	124659	112776	190738	NA	85891	116457	69312	113661	74295	168572	87340	314458	58322	64066	369801	46748	37945	38679	194984	28256	47143	36592	143813	697713	70907	726351	24643	17305	138261	51084	227499	242975	249890	238310	165508	227301
ft622	124702	134788	428863	115355	220468	1001598	334060	1116096	168327	231089	371285	627236	96956	1100954	258730	142424	105443	NA	90457	NA	35843	86286	94773	NA	26679	94286	406341	33740	2190423	1004478	45747	44128	56042	41191	137801	NA	194606	83747	51873	101259	310136	83320	49781	52627	34287	44626	33610	35902	34361	137500	NA	NA	56987	85048	56346	30648	194405	202197	200893	231348	145863	227423
ft624	346161	472427	933298	365730	1070141	1972916	1375845	1882794	366679	633649	885825	1648340	256982	1406487	351638	134467	86006	NA	40529	76548	96995	44585	NA	NA	NA	NA	559345	214920	801894	393000	172502	295165	184677	84691	337064	NA	203475	188335	158829	146684	394114	188893	72797	212310	151730	NA	159442	104523	181407	416259	222256	244200	105112	29819	NA	NA	349157	350341	372800	356477	283325	351003
ft627	324141	612657	910696	730132	NA	1845624	884603	3274326	622004	2268884	954840	403616	793894	1598185	767323	1421247	754997	911964	1107579	NA	584183	1268083	1334699	72426	722049	3148516	1970579	360737	1494912	1574110	NA	NA	2246531	768509	1532372	1525531	1399793	NA	1333217	1141926	2485886	1262482	965296	709809	741994	489515	1604084	561975	1283675	1515104	903427	3873205	700305	556753	1416826	568744	1256376	1349311	1065259	1250582	830623	927706
ft628	NA	NA	NA	6745	NA	NA	178746	NA	NA	NA	NA	NA	4058121	6075546	720329	680501	3911326	1433323	6457253	2509273	3589900	1008082	783558	53764	1148894	4725392	10909622	1798968	3193355	8206137	3785106	697067	3813064	2681507	5651518	1435604	5428995	4828009	2054713	2425643	17693875	4858266	1289950	5809044	4823813	4587629	2156796	1260026	2024799	4694481	3174556	9132916	3506542	1012197	3784386	2573286	2983109	3196879	3040774	3020836	2188594	2643786
ft625	1077978	887266	879989	307948	338884	5063779	2749823	1538592	1654915	2952254	857208	1464573	31569610	4392126	22411407	34534234	50968060	25288286	44116279	38200154	37443017	40118443	37421875	2338709	17919606	22824638	46318848	16022922	46994280	47921256	26083229	33919070	31608919	27420836	46340145	52717477	50133124	50514301	35009936	44266297	57689532	41808557	41072606	18667425	40529211	33467725	44581164	23106870	56182999	46376442	42060066	50217220	51543807	28871969	48197583	24362364	42991832	44304557	45116823	47825013	42475623	35574836
ft655	106239	292735	141736	182811	171455	182240	174174	186460	157082	246111	211645	151254	59385	NA	36845	47065	38850	30223	23587	29874	NA	NA	24706	NA	39098	42044	113756	35233	NA	107699	32207	NA	27712	18074	52141	17676	50514	41437	14639	23269	67912	23161	18548	20339	15565	15533	21068	19684	37450	56935	28067	69594	30255	23201	30110	NA	53539	63425	52772	55262	41537	49542
ft652	NA	59070	81953	62063	58749	97164	20821	114121	25274	39405	39502	22215	41981	173755	62290	22323	80531	NA	40667	44512	27711	61550	41615	NA	NA	109055	85065	40888	263745	56972	17298	29429	35439	16305	145675	47014	61805	181948	32115	64611	325958	69840	30620	56303	41903	NA	18471	16285	NA	147348	78536	126908	59691	30258	62712	35908	47819	53770	50869	52519	36333	49776
ft633	30447	34703	103174	59557	162225	287763	85586	366219	40200	87961	139406	92567	49137	445407	81649	56974	10859	35633	22548	27952	NA	42577	52129	NA	24917	36755	45504	64973	430261	41160	105195	35179	129530	172577	40831	9694	69105	NA	30626	63419	50901	22682	21995	29879	122887	93530	15478	23090	26721	41863	35996	126532	NA	19948	32349	16870	41930	53635	59037	47339	28404	42604
ft641	27906	NA	151691	19510	136510	151700	70661	168252	103424	86854	124997	110448	26255	136215	52962	18716	25407	26784	29495	24722	16811	48053	20048	14831	22622	24935	35673	37689	157267	23375	33538	22673	27462	33522	38344	29117	39050	36031	25178	32147	24947	33598	21746	25701	25301	21702	33423	35802	27426	56353	29099	87384	33406	25141	21851	NA	34179	43715	47069	47163	29978	41205
ft629	53230	246435	107442	83106	114223	174525	99571	197338	107445	143049	154372	97338	63375	NA	56775	49788	92610	32888	50727	67955	56181	19073	39388	NA	30695	19114	190361	112605	151718	123614	89788	25881	27748	13789	126830	38313	71510	65576	22869	36282	122808	98744	32800	36432	64568	57023	35824	49043	51765	119558	51316	137030	89941	21787	22908	48128	72598	77724	79397	76126	57644	76785
ft717	334135	722942	776036	506704	1245663	2785153	1222691	5160314	653847	825764	1264450	1032174	572804	7777002	1338856	110604	6924066	291599	754289	8472171	3743690	168659	411811	36598	822484	162346	2914339	675481	1997987	838860	497022	2341670	937353	478247	15901926	1049738	2159772	9368343	1262418	992754	10200093	4532789	457492	2094224	6850587	767494	1051487	760116	5175612	16949287	1840120	19081880	8422681	310309	596038	2270193	3190889	3487057	3491558	3465586	2574504	3155260
ft718	79416	117612	127458	65127	274674	222147	135249	NA	143484	164967	234817	526112	56138	NA	38672	10508	73077	25752	28944	25311	42464	15564	9607	NA	54279	27875	347453	131487	68965	34208	76390	123382	68781	213191	59032	57418	46930	57821	39524	30443	618323	NA	71989	57372	16146	23525	98120	20823	40053	35589	22400	108381	59058	37026	46032	NA	87671	70816	99365	83502	NA	92017
ft750	111299	337138	366807	196056	333428	1100599	323035	1524985	189958	326789	453940	412769	111142	1038424	443315	42549	61310	29684	38065	30470	28157	59718	142185	NA	NA	85786	360823	155753	2190498	217790	46683	21214	26992	20596	23266	39994	82068	62541	31884	138970	172263	96012	19660	22516	10701	40401	37337	21061	8877	125488	49011	96451	79430	63152	42120	21324	128649	123788	157879	162263	96116	161232
ft757	16755	67549	27606	NA	32547	48735	29802	43543	32889	24809	39362	27609	49873	NA	36024	64913	84400	27028	58739	65867	70020	25721	19469	NA	NA	14966	112977	68470	97419	104194	69671	30331	35773	42465	122804	NA	73600	45791	48344	NA	178131	56418	29074	116695	51702	32701	51483	24081	60074	128168	58704	170764	77887	16887	30782	39449	45950	50914	47628	52105	38777	52803
ft762	46028	82816	NA	16591	41218	21352	93295	28825	NA	33001	54047	12240	31368	25940	39505	30829	141603	16165	22304	20543	54721	19444	20819	21854	17014921	118209	22032	57421	NA	NA	43784	22697	90526	52382	27174	35910	31944	22466	31967	35106	NA	19284	13952	18868	NA	28083	37652	20571	NA	37503	33071	27373	1573237	33407841	90299	29905	1265455	1414034	1421087	1388768	935018	1327654
ft769	53351	53459	130206	NA	161389	312701	56339	226330	54822	75138	146091	153234	162110	1404191	74873	NA	1703626	NA	48724	886229	1646071	NA	55226	NA	477607	205926	310033	35136	171559	77929	23460	359715	117523	NA	352181	89604	102794	903767	242641	23118	559194	111283	36979	86354	489284	30469	99195	60442	175686	1943530	75053	813839	662278	38296	18589	187942	304296	334015	322200	309540	225108	305119
ft773	839596	593146	1860341	536410	2520002	1613636	1327684	4154352	533201	1187671	1767913	1832453	749068	6792017	389127	NA	306877	27116	68886	228981	629092	32382	85019	20580	456290	43262	1713960	260135	877439	403265	83858	211560	318838	58474	541602	235619	74087	253089	137969	62581	588611	171043	61865	210135	NA	85518	122804	36426	123168	804621	138029	71796	629213	22636	67020	251820	644492	722618	711605	682611	504589	651449
ft821	4624187	7092722	4888964	5048064	5526442	5994912	4156392	6035276	5804380	6857560	5861603	4500582	2443091	2684919	2398996	2614193	2708749	3135449	2536433	2332187	2425819	1862671	2122790	1100490	1878795	1700643	4020308	4307388	2912729	4007650	4053880	2590664	3905876	6862616	3117913	2460639	4136921	1625997	2226581	1945128	3154958	2452885	3087871	2524209	5835138	3526803	2389442	2189488	3290167	3860945	2187946	6225013	2339240	1748594	2292568	2614518	3779525	4161033	3752297	3987175	2510136	2513586